NAME : couriers
TYPE : PDPTW
DIMENSION : 201
VEHICLES : 1
CAPACITY : 10000
EDGE_WEIGHT_TYPE : MAN_2D
NODE_COORD_SECTION
1 260 112
2 260 113
3 290 145
4 261 112
5 159 64
6 260 113
7 290 145
8 261 112
9 159 64
10 259 113
11 322 113
12 260 109
13 26 118
14 260 109
15 235 134
16 290 149
17 195 146
18 289 149
19 195 110
20 290 140
21 26 117
PICKUP_AND_DELIVERY_SECTION
1 0 366 1439 0 0 0
2 1 300 780 72 0 3
3 -1 701 810 10 2 0
4 1 360 960 160 0 5
5 -1 960 1020 10 4 0
6 1 300 750 72 0 7
7 -1 673 810 10 6 0
8 1 360 960 160 0 9
9 -1 960 1020 10 8 0
10 1 385 570 73 0 11
11 -1 385 720 10 10 0
12 1 360 870 253 0 13
13 -1 780 960 10 12 0
14 1 300 900 60 0 15
15 -1 870 930 10 14 0
16 1 360 480 108 0 17
17 -1 480 720 10 16 0
18 1 330 840 143 0 19
19 -1 840 870 10 18 0
20 1 390 750 297 0 21
21 -1 669 780 10 20 0
DEPOT_SECTION
1
-1
EOF